# tau_s   eta_s     t_dec    e_dec
1.03028	0.246233	166.972	0.550349
1.31504	0.197316	132.763	0.253709
1.25037	0.207844	148.343	0.360704
1.16173	0.211412	111.626	0.142751
0.471833	0.10418	151.616	0.38611
0.580622	0.269021	157.014	0.430356
0.870754	0.243956	106.748	0.12244
0.47944	0.190853	116.641	0.165678
0.498029	0.136294	152.126	0.390167
0.901059	0.179163	128.785	0.229918
1.3233	0.224116	105.703	0.118344
1.1972	0.245078	105.03	0.115752
0.881817	0.125754	157.654	0.4358
1.01193	0.107395	144.975	0.335649
0.541683	0.0960555	102.448	0.106156
0.823325	0.245251	114.645	0.156302
0.617828	0.0991042	127.81	0.224296
0.946945	0.178894	137.516	0.283979
1.28504	0.226776	146.789	0.349007
0.671262	0.161608	118.193	0.173196
0.969466	0.21387	144.736	0.333912
0.741033	0.255355	112.35	0.145931
0.557237	0.265197	116.434	0.16469
0.65801	0.165125	144.862	0.334826
0.685522	0.238391	157.387	0.433521
0.840262	0.266572	111.21	0.140944
1.16842	0.180592	162.194	0.475639
0.734017	0.157846	138.481	0.290373
0.959421	0.122593	115.491	0.160237
0.47277	0.211227	119.824	0.181312
1.11255	0.138627	157.102	0.431102
0.627745	0.205549	139.351	0.296211
0.640821	0.226959	132.51	0.252152
0.979012	0.184205	115.79	0.16164
0.49298	0.0902498	138.512	0.290579
1.02854	0.168817	161.215	0.466857
1.08485	0.255432	143.462	0.32475
0.626679	0.0938974	145.631	0.340442
0.756047	0.125822	131.959	0.248787
1.3221	0.232188	155.923	0.421175
0.939242	0.204661	129.053	0.231477
0.984055	0.2677	117.514	0.169882
0.599314	0.0879613	130.066	0.237427
1.20595	0.102666	121.152	0.188086
0.75129	0.152583	129.249	0.23262
1.02316	0.209082	133.987	0.261313
0.758925	0.102454	105.531	0.117678
0.470755	0.154957	120.915	0.186866
0.836652	0.250254	137.871	0.286319
0.981027	0.206768	162.602	0.479326
0.782929	0.135152	111.147	0.140671
1.3352	0.157219	157.799	0.437034
0.481495	0.195632	125.602	0.211869
1.17442	0.124971	142.978	0.321304
0.838899	0.126673	139.708	0.298626
0.807165	0.24596	126.766	0.218368
0.904296	0.159671	129.546	0.234359
1.34819	0.0968848	165.219	0.50659
0.532648	0.179358	163.319	0.485849
0.635467	0.155169	147.798	0.356577
1.22611	0.142301	162.389	0.477398
1.13132	0.116037	151.303	0.383637
0.920361	0.225447	127.979	0.225264
0.511786	0.215249	107.849	0.126854
0.963191	0.163981	156.102	0.422673
0.636091	0.145498	160.939	0.464407
1.29882	0.239487	104.666	0.114366
1.18397	0.268329	126.712	0.218064
0.943601	0.213544	110.168	0.136477
1.08798	0.217108	128.708	0.22947
0.55153	0.241146	114.426	0.155294
0.459987	0.269803	103.309	0.109294
1.23379	0.257259	157.84	0.437385
0.752579	0.0894265	166.221	0.5312
0.966863	0.271249	141.008	0.307525
1.08039	0.0947768	118.304	0.173742
0.909865	0.100076	109.673	0.134386
0.567811	0.193167	147.304	0.352857
0.709552	0.195972	113.094	0.149247
1.28175	0.19907	108.518	0.129583
0.86906	0.12617	123.071	0.198137
1.31467	0.173103	110.807	0.139206
0.755364	0.1222	164.22	0.494119
0.506631	0.173877	109.88	0.135257
0.628583	0.254777	124.173	0.204047
0.773372	0.186029	131.399	0.245392
1.15928	0.139034	119.171	0.178036
1.04132	0.172764	138.943	0.293464
0.679809	0.267566	134.167	0.262441
1.34702	0.149153	127.311	0.221449
0.846486	0.188361	127.403	0.221973
1.30911	0.24695	151.825	0.387769
0.947891	0.131442	132.4	0.251477
0.681578	0.231954	147.72	0.355988
1.28808	0.203981	158.827	0.445882
0.877127	0.247657	164.361	0.495426
0.962807	0.254476	151.397	0.384377
0.49332	0.239776	164.445	0.496204
0.573374	0.123981	146.535	0.347119
0.85642	0.10931	153.945	0.404837
1.06403	0.173764	143.855	0.327558
1.21087	0.159426	151.526	0.385396
1.00246	0.26867	124.35	0.205005
0.569918	0.1005	113.39	0.15058
1.30426	0.099703	126.819	0.218667
1.11924	0.147993	107.106	0.123866
0.474337	0.177094	123.015	0.197839
1.02684	0.195174	132.083	0.249542
0.463614	0.14857	134.134	0.262234
1.13962	0.168502	115.096	0.158394
1.25446	0.232639	139.17	0.294993
0.940579	0.183926	160.522	0.460709
0.891234	0.192622	139.935	0.300169
0.49725	0.213023	159.53	0.451995
0.830833	0.205002	104.51	0.113776
1.19441	0.209885	150.122	0.374385
0.742256	0.169433	153.369	0.400157
1.158	0.104779	148.023	0.35828
1.3245	0.227682	109.41	0.133284
1.1114	0.229232	125.355	0.210503
1.22734	0.140753	129.83	0.236031
0.767245	0.218402	149.158	0.366931
0.611743	0.252679	138.781	0.292377
1.07962	0.244935	164.066	0.492697
0.450914	0.189569	135.584	0.271429
1.09238	0.0838588	124.909	0.208053
1.11476	0.130906	104.142	0.112391
0.725831	0.134701	141.124	0.308328
0.708109	0.252478	159.222	0.449313
0.80018	0.208772	115.27	0.159205
1.29367	0.161267	120.754	0.186039
1.15715	0.168038	102.346	0.105788
1.08828	0.0874447	143.574	0.32555
0.483207	0.103067	160.772	0.462929
0.618903	0.117205	133.142	0.256048
0.972755	0.267157	108.922	0.131253
0.818268	0.128492	155.252	0.415588
0.605551	0.13891	117.079	0.167779
1.22443	0.243448	119.727	0.180824
1.25572	0.233948	151.663	0.386483
1.28002	0.266746	162.258	0.476216
1.13285	0.124112	122.414	0.194658
1.18426	0.162826	123.364	0.199699
1.22149	0.139315	115.433	0.159966
1.31114	0.172042	155.821	0.420324
0.631166	0.139525	144.057	0.329007
1.05185	0.16403	103.412	0.109674
0.714206	0.107181	111.938	0.144116
0.468922	0.241228	116.66	0.165769
0.90775	0.176542	111.889	0.143901
0.829315	0.227057	154.831	0.412106
1.33826	0.108596	106.422	0.121153
0.661148	0.236772	120.002	0.182211
1.10761	0.121771	136.133	0.274961
1.2563	0.143646	136.697	0.278616
1.21394	0.110886	159.763	0.454035
0.862076	0.216802	167.32	0.55942
0.615499	0.204028	129.383	0.233404
1.10614	0.0840572	166.845	0.547077
0.867649	0.0861094	153.819	0.403812
0.736579	0.243732	129.747	0.235542
0.885621	0.249579	112.987	0.148767
1.07309	0.126993	164.848	0.49988
1.04814	0.201868	116.574	0.165358
1.10017	0.179941	163.127	0.484095
1.04463	0.207697	153.225	0.398992
0.682735	0.1822	164.009	0.492174
0.561362	0.143913	163.495	0.487456
0.956549	0.250142	108.772	0.130632
1.11352	0.206032	109.853	0.135143
1.31883	0.0882079	118.731	0.17585
1.1787	0.226183	137.522	0.284019
1.2239	0.169005	138.179	0.288361
1.3622	0.119664	156.832	0.428814
1.29798	0.109852	145.414	0.338854
0.642589	0.164677	125.683	0.212318
0.864917	0.174146	158.071	0.439369
0.72338	0.127676	152.263	0.391264
0.961692	0.110695	132.304	0.25089
0.858429	0.146828	130.701	0.241203
0.9483	0.163798	147.03	0.350806
0.514053	0.106718	117	0.167399
1.20627	0.153402	140.651	0.305069
0.849846	0.261781	168.753	0.598248
0.763079	0.237242	103.574	0.110272
1.02798	0.248852	147.158	0.351763
0.719841	0.0919999	154.545	0.409753
1.23472	0.256604	131.331	0.244982
0.581398	0.118264	161.885	0.472856
0.832787	0.242814	119.426	0.179311
0.491173	0.103309	129.452	0.233808
1.35906	0.202513	125.517	0.211398
1.27654	0.223373	124.605	0.206394
0.67364	0.194165	100.41	0.0989656
0.554467	0.108064	146.14	0.344195
1.1151	0.237495	141.349	0.309885
0.437593	0.221874	161.867	0.472695
1.31215	0.127503	116.271	0.163915
0.663469	0.201292	122.225	0.193665
1.00603	0.222879	135.695	0.27214
0.992128	0.13332	117.857	0.171551
1.18789	0.201634	136.278	0.275899
0.775025	0.163476	112.561	0.146867
0.917707	0.14804	166.554	0.539615
0.528158	0.274705	167.607	0.567027
0.796404	0.13455	126.373	0.216158
0.893451	0.22215	122.787	0.196629
1.25961	0.126278	145.273	0.337824
0.753633	0.235898	147.532	0.354571
1.23167	0.185189	131.701	0.247218
0.595128	0.268473	133.206	0.256443
1.02101	0.239974	109.179	0.13232
0.91121	0.206442	146.673	0.348144
0.534719	0.21583	142.64	0.318915
0.855548	0.121207	117.637	0.170479
0.565883	0.210295	156.367	0.424899
0.794973	0.220472	126.574	0.217287
1.0855	0.27872	133.381	0.257528
1.19272	0.188856	153.096	0.397951
0.933362	0.102004	117.303	0.16886
1.36986	0.178092	148.519	0.362045
1.20202	0.153188	110.669	0.138614
0.815468	0.111545	163.217	0.484918
1.33483	0.202809	113.228	0.149849
1.04918	0.119832	108.157	0.128105
0.922408	0.262786	101.179	0.101641
0.912935	0.199863	107.349	0.124839
0.852084	0.134807	102.131	0.105014
1.19834	0.14287	155.445	0.417191
1.04758	0.199564	147.663	0.355558
0.452806	0.169703	149.218	0.367392
1.01412	0.0809898	152.791	0.395491
1.0138	0.141406	137.799	0.285844
0.564489	0.0915089	142.549	0.318274
0.4095	0.150481	103.794	0.111089
1.11039	0.272134	125.417	0.210845
1.24674	0.27224	114.203	0.154272
1.26727	0.148746	158.673	0.444551
1.3366	0.266919	105.638	0.118092
0.951523	0.240211	168.402	0.588528
1.37803	0.0820157	139.455	0.296912
0.608819	0.171013	165.882	0.522752
0.674421	0.105821	147.529	0.354548
0.889438	0.237059	158.989	0.447287
0.79863	0.177213	123.707	0.201537
1.06051	0.191342	137.293	0.282514
0.82063	0.222425	102.624	0.106793
0.925104	0.275476	145.738	0.341228
0.646224	0.159157	132.714	0.253407
0.522238	0.112167	139.565	0.297656
0.443721	0.0853607	111.012	0.140088
1.21171	0.273125	143.483	0.3249
1.03509	0.175434	126.006	0.21411
1.34033	0.19003	136.484	0.277233
1.3427	0.27195	114.492	0.155597
1.01583	0.221681	149.655	0.37076
1.35021	0.112341	114.596	0.156076
1.34514	0.0831674	112.69	0.14744
0.669831	0.0892432	122.289	0.194001
0.680695	0.273881	117.824	0.17139
0.588674	0.150346	110.591	0.13828
1.32929	0.273355	166.659	0.542291
0.785252	0.276701	113.914	0.152954
0.691313	0.264558	106.237	0.120426
1.01854	0.139973	156.034	0.422104
1.26923	0.134	165.528	0.514073
1.24529	0.260267	168.138	0.581301
1.39488	0.258226	156.895	0.429347
0.426617	0.275115	162.513	0.47852
1.05892	0.271678	167.4	0.561525
1.14927	0.1749	109.947	0.13554
1.28399	0.240708	114.037	0.153514
1.37068	0.104864	135.178	0.268835
1.34663	0.140556	141.268	0.309325
0.715362	0.115161	101.638	0.103258
0.543995	0.278041	118.431	0.174368
0.766515	0.163298	102.091	0.104871
0.803637	0.109549	135.994	0.274063
0.594482	0.196536	160.375	0.459414
0.54736	0.26336	103.95	0.111672
1.10979	0.197054	153.733	0.403114
1.33325	0.277839	146.41	0.346192
1.39211	0.165768	113.565	0.151371
0.527274	0.196827	120.655	0.185532
1.39131	0.192317	108.729	0.130454
0.416759	0.22903	102.494	0.106322
1.38014	0.224626	168.253	0.584432
0.666816	0.166477	102.868	0.10768
0.441866	0.105219	106.116	0.119952
0.454471	0.0963427	134.4	0.263907
1.26621	0.257169	101.896	0.104175
1.07685	0.180337	149.559	0.370018
0.509991	0.0851146	100.822	0.100393
1.17946	0.241529	112.04	0.144564
0.821069	0.0920864	100.241	0.0983848
0.420648	0.265375	108.646	0.130111
0.727041	0.0870289	101.278	0.101988
1.24491	0.228327	106.014	0.119554
0.950352	0.147593	121.59	0.190351
1.13717	0.258886	114.117	0.153879
1.00819	0.115453	167.241	0.557364
1.35161	0.0863828	156.196	0.423462
1.08358	0.13771	133.777	0.259999
1.1958	0.200395	111.568	0.142498
1.12427	0.272556	102.223	0.105345
0.745479	0.0814025	126.9	0.219124
0.982768	0.135463	167.083	0.553233
0.45773	0.130217	103.48	0.109925
0.973145	0.156141	107.017	0.12351
1.38126	0.234156	150.939	0.380772
0.610415	0.125087	141.192	0.308799
0.400794	0.276337	138.059	0.287564
1.33967	0.0807565	148.995	0.365681
1.38584	0.21241	118.103	0.172755
0.651182	0.11943	116.375	0.164409
0.693889	0.238409	109.273	0.132712
1.16343	0.0827074	121.391	0.18932
1.35892	0.274421	160.083	0.456842
0.942321	0.264321	128.274	0.22696
0.718351	0.080455	136.448	0.277
0.720866	0.227861	132.844	0.254209
1.04233	0.214961	169.217	0.611338
0.779258	0.196769	135.806	0.272852
0.813208	0.115956	105.45	0.117366
1.0503	0.0818521	103.748	0.110918
1.39365	0.263683	119.014	0.177254
1.3259	0.26595	124.112	0.203717
0.585691	0.215053	169.062	0.606943
1.23632	0.166321	105.477	0.11747
0.927909	0.259142	157.475	0.434273
0.648634	0.0845044	165.127	0.504353
0.494799	0.157192	106.326	0.120776
1.39622	0.270959	151.104	0.38207
1.36714	0.251221	109.623	0.134176
1.37346	0.2118	107.751	0.126458
1.29621	0.266321	155.355	0.416443
0.517451	0.11712	106.687	0.122199
1.356	0.217519	128.969	0.230988
0.552999	0.279777	158.401	0.442206
1.139	0.183075	124.704	0.206934
0.915292	0.240187	104.907	0.115282
1.29475	0.106913	158.558	0.44356
1.27193	0.257606	110.071	0.136065
1.38986	0.249041	124.024	0.203243
1.35486	0.189635	154.656	0.410663
1.13345	0.212168	115.711	0.161268
1.27739	0.258186	147.376	0.353398
1.14455	0.272871	162.472	0.478149
1.38204	0.230116	104.781	0.114802
0.764777	0.260707	133.052	0.255493
0.761444	0.134206	169.45	0.618
1.37443	0.209353	160.055	0.456596
1.18198	0.0842376	162.813	0.481236
1.34343	0.218005	147.836	0.356864
0.655419	0.258404	129.28	0.232801
1.20491	0.0802126	105.907	0.119136
1.16053	0.260061	121.642	0.190621
1.39858	0.278913	139.076	0.29436
0.932267	0.197905	164.514	0.496843
1.3037	0.155311	152.521	0.393328
1.16428	0.253827	164.679	0.49837
0.578593	0.135682	130.37	0.239232
1.33725	0.162042	131.586	0.246522
1.25333	0.214037	137.007	0.28064
1.09708	0.101402	124.964	0.208354
0.844763	0.123614	168.856	0.601139
1.19934	0.0992442	167.422	0.562104
1.2423	0.104501	136.231	0.275595
1.37591	0.253159	148.171	0.359401
0.408141	0.183784	155.067	0.414057
0.411987	0.101251	125.74	0.212634
1.07123	0.235638	168.581	0.593472
0.545109	0.183502	114.254	0.154505
0.415295	0.208219	138.417	0.289946
0.698422	0.279841	111.342	0.141516
1.15332	0.277144	112.084	0.144758
1.20372	0.202171	119.382	0.17909
0.637756	0.151402	120.525	0.184867
1.30771	0.230461	100.165	0.0981245
0.970946	0.225273	163.421	0.486781
1.18939	0.259591	106.029	0.119612
0.643317	0.100812	140.922	0.306931
0.413354	0.18625	127.894	0.224777
1.35676	0.237749	118.807	0.176226
0.874351	0.127147	111.111	0.140516
1.29954	0.249779	159.169	0.448852
1.0689	0.153949	147.187	0.35198
1.21858	0.110257	142.867	0.320519
1.3499	0.184848	129.54	0.234324
0.863744	0.0982204	148.459	0.361587
0.987508	0.186407	100.113	0.0979466
0.776126	0.180945	116.073	0.162976
0.937304	0.0937437	104.605	0.114135
1.26135	0.21297	100.935	0.100787
0.780915	0.272759	106.791	0.122611
0.760457	0.13271	105.291	0.116754
0.410991	0.257917	142.078	0.314965
1.12019	0.109657	141.579	0.31148
1.31611	0.1229	139.544	0.297514
1.32177	0.24553	165.852	0.522009
1.2862	0.185431	103.891	0.111451
1.36596	0.187565	121.441	0.189579
1.21949	0.227308	157.286	0.43266
1.04054	0.122093	100.006	0.0975814
1.2575	0.216007	111.51	0.142246
0.440746	0.208078	104.448	0.113542
0.980532	0.205817	103.644	0.110532
0.919987	0.18272	105.093	0.115993
1.26423	0.259298	119.096	0.177662
1.36805	0.107878	167.869	0.574025
0.424748	0.264693	149.403	0.368815
1.36436	0.129164	150.119	0.374361
1.09014	0.248741	100.889	0.100626
0.834288	0.169895	107.495	0.125426
1.08958	0.213275	122.112	0.193073
1.38642	0.141738	103.174	0.108798
1.2739	0.187281	112.448	0.146365
1.22842	0.277545	130.802	0.241807
0.983864	0.0872755	135.908	0.273509
1.02094	0.261298	103.259	0.10911
0.431563	0.113729	114.406	0.155202
1.00903	0.090728	118.36	0.174018
1.29029	0.223083	117.705	0.17081
0.531839	0.122715	134.561	0.264924
1.24089	0.251456	125.333	0.210381
1.30034	0.205349	120.846	0.186512
1.39751	0.110468	141.815	0.313126
1.37674	0.16932	106.635	0.121993
1.17311	0.248558	153.63	0.402276
1.26897	0.0829129	136.595	0.277953
0.425506	0.194391	121.498	0.189874
1.31958	0.0834922	164.172	0.493675
1.09455	0.262972	107.929	0.127178
0.999192	0.216778	119.235	0.178355
0.688423	0.128002	134.65	0.265487
0.799246	0.199387	147.906	0.357394
0.934675	0.0942249	122.881	0.197127
1.05967	0.274949	114.288	0.154661
0.786912	0.257553	117.125	0.168001
0.847783	0.149543	145.939	0.342712
0.883003	0.255864	133.271	0.256845
0.998128	0.18255	165.744	0.519366
0.789794	0.275634	137.333	0.282777
0.537709	0.279529	111.314	0.141394
1.2725	0.170419	116.185	0.163507
0.574848	0.140894	104.315	0.113041
0.903615	0.277714	107.798	0.126648
1.22589	0.230708	144.483	0.332083
1.37134	0.248041	131.253	0.244513
1.03609	0.255642	113.06	0.149094
0.445288	0.12993	110.397	0.137451
0.819278	0.252002	106.449	0.12126
1.38397	0.212783	135.215	0.26907
1.35394	0.230209	160.415	0.459766
1.10586	0.120401	159.915	0.455368
1.1456	0.247547	126.988	0.21962
0.464073	0.0989407	142.705	0.319374
0.576532	0.0812832	135.927	0.273631
1.15565	0.233291	102.7	0.107069
1.03248	0.254329	120.075	0.18258
1.15615	0.103764	101.595	0.103106
1.25229	0.0913327	122.892	0.197186
0.740736	0.279042	143.379	0.324156
1.11699	0.233434	118.05	0.172495
1.10424	0.225112	110.272	0.136919
1.38885	0.121593	100.629	0.0997225
0.697496	0.275945	127.472	0.222366
1.16696	0.0817352	136.098	0.274735
0.887887	0.198002	123.216	0.198909
0.477367	0.0833656	128.037	0.225596
0.996784	0.0858308	109.542	0.133836
1.03781	0.270595	146.751	0.348724
1.39009	0.176806	166.384	0.535304
1.18688	0.224491	121.958	0.192267
1.39926	0.159816	161.569	0.470022
0.436978	0.237876	151.737	0.387071
0.597375	0.0848697	104.203	0.11262
0.822451	0.242449	151.314	0.383724
1.20984	0.23243	128.158	0.226292
1.16234	0.2137	101.488	0.102728
1.0995	0.162753	125.158	0.209418
0.438307	0.17467	117.361	0.16914
0.833773	0.26563	101.439	0.102555
0.553441	0.0998363	133.944	0.261044
1.27816	0.172288	127.178	0.220694
1.24817	0.191656	124.542	0.20605
0.765041	0.0836539	116.886	0.166851
1.16951	0.274138	153.99	0.405204
1.01675	0.231387	123.805	0.202063
0.435192	0.212353	124.483	0.205729
1.24735	0.0985321	113.466	0.150923
1.20732	0.1938	169.232	0.611761
0.908598	0.265509	113.355	0.150422
1.17171	0.0981442	108.221	0.128366
1.27909	0.216444	153.173	0.398572
1.19019	0.189057	105.389	0.117131
0.835653	0.191467	110.512	0.137942
0.670018	0.269594	139.628	0.298083
0.678847	0.252855	113.99	0.1533
0.923418	0.263978	164.266	0.494546
0.995901	0.23223	101.772	0.103734
0.762101	0.239013	114.896	0.157464
1.06937	0.219383	102.964	0.10803
0.930514	0.164462	101.046	0.101175
1.00565	0.175874	108.439	0.129259
1.38401	0.123471	163.619	0.488588
1.33191	0.240408	143.686	0.32635
1.06617	0.279362	152.665	0.394479
1.27517	0.203009	129.936	0.236657
1.01091	0.220042	108.562	0.129765
1.34422	0.0889695	105.826	0.118821
1.32097	0.136926	130.168	0.238032
1.09509	0.210596	134.865	0.266848
1.3323	0.229772	134.024	0.261545
1.22217	0.127931	158.498	0.443043
0.694673	0.246009	135.099	0.268332
1.31749	0.0855234	130.532	0.240195
1.17637	0.204202	128.9	0.230587
0.82811	0.124501	131.074	0.243438
0.455483	0.0800022	121.288	0.188788
1.38783	0.143353	154.775	0.411644
1.07539	0.234388	150.307	0.375824
1.25157	0.133096	109.761	0.134756
0.888128	0.221092	106.867	0.122913
0.749746	0.254972	101.207	0.101739
1.12859	0.188415	131.478	0.245869
1.34174	0.0955225	144.309	0.330827
0.845501	0.2336	111.429	0.141894
1.0248	0.205778	141.491	0.310868
1.15137	0.137117	163.691	0.489248
1.12361	0.231134	131.764	0.247601
1.0618	0.259648	129.134	0.231949
0.816514	0.092298	107.66	0.12609
1.18035	0.274385	136.863	0.279698
1.28982	0.101859	102.24	0.105406
1.17099	0.170622	130.443	0.239666
0.955121	0.273694	152.426	0.392568
1.32875	0.127223	105.781	0.118646
1.39596	0.0929061	123.404	0.199913
1.02977	0.104354	103.118	0.108593
0.525729	0.0934953	108.044	0.127645
1.26377	0.152811	125.791	0.212917
1.06778	0.160216	109.095	0.131971
1.23583	0.096666	129.751	0.235565
0.93861	0.113923	106.966	0.123307
0.975943	0.224255	155.962	0.421501
0.9453	0.115282	121.079	0.18771
1.37718	0.167689	121.896	0.191944
0.535071	0.0891347	118.493	0.174674
0.991839	0.106377	112.251	0.145494
1.35207	0.141336	161.281	0.467446
1.07498	0.222636	140.31	0.302726
1.19331	0.131113	137.427	0.283394
1.10126	0.183261	102.93	0.107906
1.01215	0.26485	161.142	0.466208
0.687898	0.0945185	107.216	0.124306
1.28719	0.149812	103.505	0.110017
1.14161	0.261839	148.823	0.364366
1.31093	0.170067	169.755	0.626824
1.00754	0.151287	113.687	0.151923
1.21613	0.208463	143.152	0.322538
1.36123	0.151002	109.322	0.132917
1.04672	0.194638	107.179	0.124158
1.31393	0.200778	141.708	0.312379
1.14317	0.184724	115.98	0.162536
0.402745	0.116259	134.307	0.263321
0.515828	0.142088	138.713	0.291922
1.27083	0.113552	166.206	0.530825
0.809604	0.263436	126.258	0.215514
1.37935	0.112523	122.682	0.196072
1.3634	0.266131	134.286	0.263189
0.985005	0.217726	128.458	0.228022
0.957863	0.267891	135.36	0.269996
0.80171	0.224922	120.352	0.183985
0.9892	0.243003	131.567	0.246407
0.613236	0.236981	128.319	0.227219
0.634596	0.0911036	115.884	0.162083
1.36663	0.256859	140.477	0.303872
1.32778	0.115694	128.569	0.228664
1.26569	0.123149	133.423	0.25779
1.12744	0.0885824	113.735	0.152141
1.23982	0.187827	140.202	0.301988
1.33004	0.152221	166.89	0.548231
1.16523	0.145033	101.988	0.104503
1.24981	0.189394	158.876	0.446306
0.683946	0.0965122	132.003	0.249055
0.451191	0.181738	167.131	0.554479
0.427988	0.109078	165.662	0.517345
1.26066	0.0881788	158.779	0.445467
0.848564	0.278596	122.582	0.195544
0.653386	0.163048	159.296	0.449956
0.478104	0.193393	100.469	0.099169
0.656692	0.130704	102.587	0.106659
1.03175	0.20111	126.192	0.215145
0.614828	0.276435	123.579	0.20085
1.07222	0.0986835	109.122	0.132083
0.571268	0.267203	140.385	0.30324
1.13685	0.220686	167.926	0.575568
0.598509	0.112837	101.118	0.101427
1.29143	0.106458	119.251	0.178435
1.23251	0.116928	123.612	0.201027
1.25813	0.111189	108.066	0.127735
0.704292	0.102923	118.644	0.17542
0.929329	0.144442	100.676	0.0998855
1.24317	0.233165	166.603	0.540872
0.604329	0.10577	107.597	0.125837
1.30277	0.131955	122.366	0.194405
1.21459	0.118404	116.74	0.166151
0.577628	0.0866357	125.25	0.209924
0.964266	0.240971	117.95	0.172006
0.894994	0.146567	110.437	0.137622
0.486223	0.271146	134.962	0.267463
0.896194	0.262281	120.16	0.18301
1.18807	0.153299	133.62	0.259019
1.32698	0.198597	164.899	0.500352
0.558862	0.113396	128.65	0.229133
0.61988	0.268971	112.84	0.148109
1.05786	0.174492	115.58	0.160653
0.639439	0.236352	169.842	0.629352
1.17209	0.121004	130.943	0.242652
1.28255	0.246521	135.505	0.270923
1.30129	0.217924	164.591	0.497555
1.24178	0.132339	102.769	0.10732
1.3059	0.16183	138.618	0.291287
1.00311	0.185952	143.802	0.327179
1.00089	0.138243	105.165	0.116269
0.722252	0.254061	123.108	0.198334
1.35708	0.148225	121.069	0.187659
0.986364	0.200092	112.51	0.14664
0.630616	0.130091	110.137	0.136345
0.804204	0.144096	153.552	0.401642
0.428288	0.0876184	147.956	0.357772
1.29595	0.0979152	150.435	0.376821
1.30671	0.151851	115.164	0.158711
1.15253	0.195423	146.015	0.343273
0.941448	0.228715	112.652	0.147271
1.23757	0.14977	169.331	0.614569
0.624953	0.261487	168.109	0.580512
0.423074	0.26803	118.899	0.176682
0.878969	0.141853	117.218	0.168449
0.990833	0.23083	142.796	0.320017
0.843417	0.238748	169.935	0.632072
1.18524	0.118041	169.541	0.620624
0.512224	0.275294	145.344	0.338343
0.872146	0.214418	113.634	0.151683
0.906221	0.108327	167.998	0.577514
0.857597	0.144781	124.007	0.203151
1.05261	0.260502	154.898	0.412661
0.817998	0.187615	141.379	0.310093
0.900536	0.114136	160.88	0.463885
1.17593	0.120889	106.169	0.12016
0.777813	0.219926	108.988	0.131526
0.675581	0.241695	100.342	0.0987316
1.12972	0.110095	118.927	0.176821
1.20075	0.138506	123.747	0.201751
0.404443	0.0925797	158.331	0.441603
0.405906	0.187004	104.692	0.114465
0.664771	0.200863	153.337	0.399898
1.11719	0.11422	112.118	0.144908
1.22004	0.167444	158.024	0.438966
0.422399	0.171227	108.885	0.131099
0.563677	0.171718	104.404	0.113376
0.444291	0.263065	168.978	0.604547
0.407616	0.248229	127.084	0.220162
0.582447	0.189871	101.869	0.104079
0.974462	0.244598	161.4	0.468508
1.17785	0.0916961	144.415	0.331592
0.703673	0.235119	124.841	0.207682
0.49909	0.120174	151.452	0.384811
1.08627	0.156203	137.141	0.281517
0.724582	0.143016	114.776	0.156907
1.27493	0.264053	139.307	0.295915
0.495539	0.256346	112.247	0.145476
0.589288	0.2507	110.883	0.139533
1.37217	0.155973	147.435	0.353841
1.10299	0.111705	166.344	0.53429
0.566033	0.116743	112.785	0.147864
1.19178	0.158355	163.905	0.49122
1.00494	0.132155	111.829	0.143638
1.20894	0.20632	156.422	0.425361
1.12542	0.133565	110.355	0.137272
0.59342	0.245725	104.079	0.112155
1.15499	0.242779	147.108	0.351389
0.928434	0.235279	150.845	0.380035
0.516447	0.219171	101.378	0.10234
0.607743	0.129508	122.014	0.19256
0.806028	0.0811696	146.316	0.345496
0.489051	0.242348	157.912	0.438003
1.02239	0.190649	120.292	0.18368
0.513477	0.249281	146.25	0.345007
1.0558	0.117497	146.875	0.349648
1.18246	0.246696	135.724	0.272326
0.480233	0.160826	113.298	0.150165
1.15033	0.234619	163.035	0.483255
1.2849	0.191176	149.768	0.371635
0.8992	0.196152	115.668	0.161066
0.730125	0.211796	118.599	0.175197
1.19657	0.0995837	155.155	0.414785
0.876435	0.0869542	112.915	0.148445
1.03999	0.15881	119.743	0.180904
1.21296	0.209485	163.38	0.486406
1.21755	0.154773	118.229	0.173373
1.09377	0.133646	143.078	0.322013
1.36098	0.175689	141.876	0.313552
0.770989	0.112752	154.97	0.413256
0.759186	0.117768	115.908	0.162196
0.86685	0.193958	100.763	0.100188
0.808886	0.150626	106.512	0.121508
0.993033	0.126568	161.106	0.465888
1.29289	0.167287	146.102	0.343915
0.632099	0.256144	144.684	0.333535
1.14204	0.172964	141.77	0.312811
0.905534	0.244799	123.5	0.200427
0.868467	0.262485	140.789	0.306016
0.924255	0.25166	145.157	0.336978
0.728424	0.146232	133.729	0.259699
1.20128	0.25331	142.207	0.315869
1.12115	0.177539	156.335	0.42463
0.861163	0.236188	129.003	0.231186
1.03832	0.278328	139.264	0.295626
0.657059	0.111266	127.675	0.223525
0.584916	0.103977	121.704	0.190943
1.23012	0.113085	150.361	0.376244
0.501493	0.238133	104.881	0.115183
1.3083	0.16796	162.685	0.480076
0.884985	0.210155	160.144	0.457378
1.13587	0.0898788	150.695	0.378859
1.05669	0.0900731	131.201	0.2442
0.548393	0.151626	117.261	0.168657
1.13033	0.149334	115.398	0.159802
0.910105	0.118852	127.518	0.222629
1.23849	0.143443	146.923	0.350007
1.10834	0.215406	149.975	0.373241
1.07736	0.247113	134.495	0.264507
0.772491	0.108632	148.11	0.358939
1.26245	0.131238	152.165	0.390479
0.744494	0.232848	154.129	0.406343
0.792799	0.242104	134.7	0.265803
0.931913	0.0958726	155.571	0.418241
0.63364	0.229935	114.732	0.156704
0.811376	0.252268	160.63	0.461666
0.781068	0.0970615	142.441	0.317513
0.490424	0.082589	159.084	0.448113
1.00147	0.243215	154.683	0.410885
0.439846	0.12467	140.145	0.3016
0.810666	0.10068	115.037	0.158119
0.769224	0.198867	100.537	0.099404
0.850546	0.222258	145.65	0.340581
0.500248	0.0904807	152.753	0.395185
0.954934	0.0956328	163.703	0.489359
0.488382	0.25365	120.599	0.185245
0.737875	0.181245	103.037	0.108297
0.875893	0.167114	116.846	0.166659
0.735496	0.202221	107.365	0.124904
1.05325	0.0972817	162.899	0.482017
0.667638	0.14619	127.15	0.220536
1.11895	0.259828	138.996	0.293821
0.695814	0.0857411	143.657	0.326142
0.586865	0.24994	119.886	0.181625
1.12243	0.145883	169.626	0.623058
0.750768	0.256511	144.646	0.33326
1.01722	0.164938	152.314	0.391672
1.01949	0.258618	139.888	0.29985
0.482513	0.251834	136.94	0.280201
1.09184	0.0941689	137.677	0.28504
1.03485	0.117939	124.736	0.207109
1.09608	0.0896417	157.14	0.431423
0.707324	0.223518	104.058	0.112076
0.88259	0.261101	150.617	0.378246
0.510899	0.193531	107.477	0.125354
0.784427	0.0908123	132.433	0.25168
1.13477	0.145651	128.388	0.227617
0.502779	0.12875	116.135	0.16327
0.701061	0.184415	109.47	0.133535
1.07851	0.132453	116.484	0.164928
0.971669	0.165497	137.992	0.287119
0.79524	0.197427	120.493	0.184704
1.22933	0.178689	164.739	0.498926
0.712614	0.147058	101.725	0.103567
0.602296	0.204809	117.466	0.169649
0.692641	0.241905	142.001	0.314426
0.748159	0.192456	126.396	0.216287
0.713013	0.154137	108.326	0.128795
1.16799	0.130479	150.047	0.373801
1.07058	0.135271	149.842	0.372208
0.87352	0.162415	138.91	0.293242
1.06354	0.236577	159.655	0.453088
0.412541	0.255002	162.941	0.482399
0.521373	0.11933	122.146	0.193251
0.842783	0.0865609	122.61	0.195692
0.754425	0.11488	126.506	0.216904
0.778575	0.137828	120.428	0.184372
0.802177	0.1555	163.951	0.491642
0.676438	0.220904	138.67	0.291634
1.21576	0.18008	146.475	0.346674
0.418716	0.141018	117.714	0.170854
0.434134	0.228083	167.707	0.569693
0.629551	0.221437	108.373	0.128988
1.08219	0.142695	122.489	0.195053
0.953108	0.244205	138.317	0.28928
0.403094	0.125571	151.012	0.381346
0.430811	0.120693	125.03	0.208715
0.935592	0.181153	119.599	0.180179
0.706213	0.269651	150.576	0.377924
1.0252	0.135853	127.724	0.223805
0.716712	0.103599	167.636	0.5678
0.645601	0.203383	144.877	0.334935
0.825467	0.273574	154.428	0.408795
0.958636	0.148881	130.182	0.238115
0.549738	0.0823803	165.481	0.512927
1.14876	0.102287	132.672	0.253148
0.960005	0.095228	129.651	0.234976
0.812855	0.105405	121.824	0.191568
0.453742	0.170906	132.986	0.255086
0.853593	0.185287	168.322	0.586312
0.461842	0.203592	113.803	0.15245
0.839256	0.105176	128.521	0.228386
0.519543	0.270665	124.277	0.20461
0.538673	0.106129	156.226	0.423714
0.826257	0.0933532	164.973	0.501154
0.496556	0.157651	169.395	0.616421
0.805173	0.0931392	158.134	0.439909
0.890209	0.215615	152.48	0.393
0.717671	0.0977099	161.014	0.465071
0.54676	0.145276	123.917	0.202666
0.587762	0.269367	149.462	0.36927
0.421439	0.158003	142.403	0.317246
0.575067	0.207365	105.218	0.116473
0.526668	0.16007	161.37	0.46824
0.469357	0.276067	154.224	0.407123
0.487295	0.262173	159.015	0.447513
1.10314	0.220237	156.751	0.42813
0.721218	0.208876	129.966	0.236834
1.14655	0.166605	148.388	0.361046
1.14021	0.156876	154.5	0.409385
0.518929	0.101137	166.49	0.537986
0.406861	0.137235	130.591	0.240547
0.458639	0.209653	169.903	0.631145
0.456562	0.234419	110.972	0.139916
0.787033	0.228851	165.272	0.507867
0.74719	0.2109	142.23	0.316031
0.503905	0.253494	127.586	0.223017
0.620663	0.10177	162.001	0.4739
0.797826	0.157543	120.145	0.182934
0.72912	0.160739	125.088	0.209033
1.04389	0.15932	130.882	0.242286
0.44906	0.14031	124.409	0.205326
0.662148	0.084797	150.241	0.375311
1.06229	0.107677	155.411	0.416909
1.12607	0.200583	165.05	0.502551
1.14768	0.177911	168.699	0.59675
0.841489	0.136681	161.496	0.469367
0.968191	0.114411	155.766	0.419866
0.625057	0.0887807	156.665	0.427404
0.650421	0.277384	157.443	0.433999
0.827621	0.271573	162.05	0.474342
0.880252	0.0948838	133.853	0.260474
0.47577	0.158536	126.656	0.217748
0.895366	0.211116	140.734	0.305639
0.60188	0.10039	151.215	0.382945
0.562143	0.247868	132.911	0.254623
1.09831	0.162288	165.989	0.52542
0.446044	0.229404	120.999	0.187298
0.419133	0.238999	144.201	0.330046
0.994537	0.176306	132.266	0.250658
1.06576	0.203631	159.602	0.452624
0.654017	0.166954	111.704	0.143092
1.05464	0.108915	133.59	0.258831
0.689144	0.25086	152.623	0.394143
1.04592	0.0974476	148.885	0.36484
0.967762	0.20144	152.956	0.396822
0.56848	0.251184	152.077	0.389775
0.791345	0.239322	141.582	0.311501
0.92623	0.168766	165.322	0.509072
0.591891	0.138161	169.655	0.623895
0.41729	0.14666	167.542	0.565293
0.738473	0.114766	141.031	0.307684
0.879142	0.231521	139.801	0.299258
0.871173	0.196202	153.442	0.400749
0.733656	0.175135	168.61	0.594278
0.886504	0.0950658	140.876	0.306614
0.918251	0.173457	125.915	0.213604
0.783863	0.276825	168.517	0.591693
0.965407	0.0926989	145.022	0.335992
0.9217	0.226416	133.504	0.258295
0.523791	0.195266	168.249	0.584324
0.414235	0.218798	155.189	0.415066
0.53605	0.235423	123.247	0.199075
0.944381	0.206837	134.813	0.266518
1.0332	0.18687	156.594	0.426806
0.539233	0.119035	169.12	0.608577
0.572778	0.244102	165.437	0.511852
1.08159	0.152704	159.958	0.455745
0.6527	0.218258	126.113	0.214705
0.504851	0.221261	114.936	0.15765
0.442251	0.194801	160.278	0.458559
0.540378	0.216392	121.278	0.188737
0.559092	0.192844	154.346	0.408123
0.684312	0.12439	145.856	0.342099
0.824635	0.161465	127.287	0.221313
0.583751	0.177651	158.625	0.444137
0.43278	0.1887	148.242	0.359938
0.936335	0.111931	149.005	0.365758
0.505466	0.223612	152.902	0.396386
0.793099	0.161006	157.24	0.43227
0.83103	0.21948	135.339	0.269861
0.865523	0.116589	143.986	0.328497
0.616327	0.198259	110.777	0.139077
0.560675	0.234922	138.225	0.288667
0.976013	0.129323	151.087	0.381937
0.622274	0.118736	153.492	0.401154
0.466346	0.129658	166.097	0.528099
0.57965	0.260812	161.754	0.471681
0.988939	0.155661	162.34	0.476955
0.699781	0.173255	119.602	0.180194
0.467443	0.225876	137.622	0.284677
0.731373	0.214254	156.557	0.426495
0.484032	0.125325	159.4	0.450861
0.914008	0.178496	141.95	0.314069
0.644825	0.184151	115.23	0.159019
0.556887	0.218827	128.118	0.226062
0.860029	0.204446	131.082	0.243486
0.897512	0.121895	136.636	0.27822
0.916183	0.188109	130.753	0.241514
0.660329	0.12036	166.992	0.55087
0.60619	0.228527	145.797	0.341663
0.743459	0.270379	158.299	0.441327
0.677448	0.158731	167.785	0.571772
0.978772	0.107533	140.459	0.303748
0.949397	0.178382	154.309	0.40782
0.837564	0.190531	161.703	0.471224
0.898289	0.152124	159.494	0.45168
0.447236	0.219632	144.11	0.329389
0.649838	0.223863	151.936	0.38865
0.596831	0.171459	119.463	0.179496
0.570103	0.13385	157.545	0.434872
0.672028	0.139642	165.645	0.516927
0.508328	0.190246	130.492	0.239957
0.612156	0.18667	126.076	0.214499
0.78887	0.210738	162.136	0.475117
0.659646	0.179768	131.796	0.247795
0.401446	0.136551	145.103	0.336583
0.711191	0.131704	159.824	0.45457
0.592544	0.136121	150.807	0.379737
0.529245	0.179437	144.549	0.332559
0.476894	0.207432	149.319	0.368168
0.892972	0.182155	148.705	0.363465
0.465555	0.226254	130.278	0.238685
0.85975	0.172463	132.562	0.252471
0.462518	0.175246	160.605	0.461444
0.854426	0.166152	151.944	0.388714
0.433117	0.176775	140.025	0.300782
0.90286	0.14006	153.864	0.404178
0.485507	0.197742	143.2	0.322879
0.85133	0.12823	149.562	0.370042
0.696604	0.147747	155.701	0.419325
0.60389	0.153744	154.09	0.406024
0.623025	0.247221	157.683	0.436046
0.533807	0.225789	162.78	0.480937
0.997533	0.123257	136.379	0.276553
0.790062	0.165994	146.611	0.347683
0.977261	0.147368	144.325	0.330942
0.774702	0.132894	145.449	0.33911
0.429963	0.156685	160.239	0.458215
0.952661	0.128916	142.304	0.31655
0.913763	0.142519	137.821	0.285989
0.507848	0.137582	145.54	0.339775
0.771116	0.165377	134.765	0.266214
0.705278	0.270193	164.812	0.499561
0.621044	0.192087	168.907	0.602555
0.609407	0.227409	158.207	0.440536
0.702338	0.250571	166.024	0.526284
0.690692	0.231624	163.796	0.490216
0.638979	0.214764	163.152	0.484324
0.700452	0.202622	166.726	0.543997
0.550594	0.217379	135.038	0.267945
0.66817	0.199602	135.432	0.270456
0.555833	0.170272	125.857	0.213283
0.460156	0.207088	132.157	0.249993
0.814328	0.144841	137.194	0.281865
0.739143	0.174355	140.547	0.304353
0.768451	0.176184	161.612	0.470408
0.726654	0.191928	143.892	0.327823
0.473563	0.144367	155.6	0.418483
0.544489	0.160573	131.911	0.248495
0.524432	0.198663	136.804	0.279313
0.710404	0.154275	148.778	0.364022
0.732954	0.194566	160.753	0.46276
0.448587	0.150139	149.117	0.366616
0.600532	0.185773	137.072	0.281065
0.757826	0.150929	142.57	0.318422
0.520211	0.168304	138.091	0.287776
0.686557	0.180697	156.95	0.429813
0.746251	0.181988	149.777	0.371705
0.530941	0.171986	153.023	0.397363
0.542486	0.156568	148.6	0.362664
0.64737	0.182809	150.509	0.377399
0.641137	0.181593	143.269	0.323371
0.590207	0.164211	143.036	0.321715
0.665162	0.154554	140.055	0.300986
