# tau_s	eta_s	t_dec
1.26056541	1.32986e-01	166.972
1.83007459	9.38525e-02	132.763
1.70073601	1.02275e-01	148.343
1.52346299	1.05130e-01	111.626
0.14366653	1.93437e-02	151.616
0.36124412	1.51217e-01	157.014
0.94150809	1.31165e-01	106.748
0.15887985	8.86823e-02	116.641
0.19605856	4.50351e-02	152.126
1.00211856	7.93301e-02	128.785
1.84660697	1.15292e-01	105.703
1.59440092	1.32062e-01	105.030
0.96363424	3.66030e-02	157.654
1.22386062	2.19159e-02	144.975
0.28336688	1.28444e-02	102.448
0.84665012	1.32201e-01	114.645
0.43565636	1.52834e-02	127.810
1.09388988	7.91148e-02	137.516
1.77008219	1.17421e-01	146.789
0.54252453	6.52863e-02	118.193
1.13893191	1.07096e-01	144.736
0.68206685	1.40284e-01	112.350
0.31447439	1.48158e-01	116.434
0.51601954	6.81003e-02	144.862
0.57104343	1.26712e-01	157.387
0.88052310	1.49257e-01	111.210
1.53683608	8.04735e-02	162.194
0.66803353	6.22766e-02	138.481
1.11884191	3.40742e-02	115.491
0.14554052	1.04981e-01	119.824
1.42509738	4.69016e-02	157.102
0.45548933	1.00439e-01	139.351
0.48164175	1.17567e-01	132.510
1.15802355	8.33640e-02	115.790
0.18596044	8.19986e-03	138.512
1.25707352	7.10535e-02	161.215
1.36969351	1.40346e-01	143.462
0.45335734	1.11179e-02	145.631
0.71209435	3.66574e-02	131.959
1.84419446	1.21750e-01	155.923
1.07848408	9.97289e-02	129.053
1.16810970	1.50160e-01	117.514
0.39862710	6.36904e-03	130.066
1.61190123	1.81324e-02	121.152
0.70257906	5.80662e-02	129.249
1.24632521	1.03265e-01	133.987
0.71785099	1.79628e-02	105.531
0.14151006	5.99657e-02	120.915
0.87330473	1.36203e-01	137.871
1.16205426	1.01414e-01	162.602
0.76585897	4.41214e-02	111.147
1.87040665	6.17752e-02	157.799
0.16298903	9.25056e-02	125.602
1.54884055	3.59770e-02	142.978
0.87779787	3.73382e-02	139.708
0.81432904	1.32768e-01	126.766
1.00859233	6.37372e-02	129.546
1.89637481	1.35079e-02	165.219
0.26529578	7.94862e-02	163.319
0.47093433	6.01350e-02	147.798
1.65221792	4.98409e-02	162.389
1.46264038	2.88299e-02	151.303
1.04072188	1.16358e-01	127.979
0.22357293	1.08199e-01	107.849
1.12638297	6.71844e-02	156.102
0.47218240	5.23981e-02	160.939
1.79764395	1.27589e-01	104.666
1.56795042	1.50663e-01	126.712
1.08720259	1.06835e-01	110.168
1.37596835	1.09686e-01	128.708
0.30305988	1.28917e-01	114.426
0.11997495	1.51843e-01	103.309
1.66758609	1.41807e-01	157.840
0.70515850	7.54120e-03	166.221
1.13372508	1.52999e-01	141.008
1.36078275	1.18215e-02	118.304
1.01973059	1.60611e-02	109.673
0.33562288	9.05333e-02	147.304
0.61910426	9.27776e-02	113.094
1.76349867	9.52557e-02	108.518
0.93812078	3.69357e-02	123.071
1.82934287	7.44825e-02	110.807
0.71072889	3.37601e-02	164.220
0.21326290	7.51016e-02	109.880
0.45716573	1.39821e-01	124.173
0.74674429	8.48231e-02	131.399
1.51857059	4.72275e-02	119.171
1.28263360	7.42110e-02	138.943
0.55961801	1.50053e-01	134.167
1.89403628	5.53224e-02	127.311
0.89297119	8.66885e-02	127.403
1.81822326	1.33560e-01	151.825
1.09578258	4.11540e-02	132.400
0.56315526	1.21564e-01	147.720
1.77615869	9.91845e-02	158.827
0.95425466	1.34126e-01	164.361
1.12561362	1.39581e-01	151.397
0.18664012	1.27820e-01	164.445
0.34674870	3.51850e-02	146.535
0.91284006	2.34482e-02	153.945
1.32806635	7.50112e-02	143.855
1.62174858	6.35409e-02	151.526
1.20491499	1.50936e-01	124.350
0.33983621	1.64003e-02	113.390
1.80852517	1.57624e-02	126.819
1.43847231	5.43943e-02	107.106
0.14867354	7.76752e-02	123.015
1.25368738	9.21390e-02	132.083
0.12722853	5.48561e-02	134.134
1.47924553	7.08014e-02	115.096
1.70891129	1.22111e-01	139.170
1.08115805	8.31405e-02	160.522
0.98246732	9.00974e-02	139.935
0.19450080	1.06418e-01	159.530
0.86166613	1.00002e-01	104.510
1.58881131	1.03908e-01	150.122
0.68451154	7.15461e-02	153.369
1.51600041	1.98233e-02	148.023
1.84900741	1.18145e-01	109.410
1.42280405	1.19386e-01	125.355
1.65467903	4.86026e-02	129.830
0.73449013	1.10722e-01	149.158
0.42348693	1.38143e-01	138.781
1.35924188	1.31948e-01	164.066
0.10182810	8.76555e-02	135.584
1.38476569	3.08702e-03	124.909
1.42951317	4.07245e-02	104.142
0.65166143	4.37604e-02	141.124
0.61621826	1.37983e-01	159.222
0.80035989	1.03018e-01	115.270
1.78735075	6.50132e-02	120.754
1.51429343	7.04304e-02	102.346
1.37656904	5.95574e-03	143.574
0.16641465	1.84537e-02	160.772
0.43780691	2.97636e-02	133.142
1.14551023	1.49726e-01	108.922
0.83653525	3.87933e-02	155.252
0.41110189	4.71280e-02	117.079
1.64886824	1.30758e-01	119.727
1.71143937	1.23158e-01	151.663
1.76004709	1.49397e-01	162.258
1.46570170	3.52899e-02	122.414
1.56851195	6.62611e-02	123.364
1.64297612	4.74521e-02	115.433
1.82228415	7.36340e-02	155.821
0.46233102	4.76198e-02	144.057
1.30370065	6.72244e-02	103.412
0.62841231	2.17449e-02	111.938
0.13784332	1.28982e-01	116.660
1.01549928	7.72338e-02	111.889
0.85863018	1.17646e-01	154.831
1.87651699	2.28772e-02	106.422
0.52229518	1.25418e-01	120.002
1.41522119	3.34167e-02	136.133
1.71259822	5.09166e-02	136.697
1.62788245	2.47087e-02	159.763
0.92415165	1.09442e-01	167.320
0.43099845	9.92221e-02	129.383
1.41229068	3.24575e-03	166.845
0.93529775	4.88750e-03	153.819
0.67315779	1.30985e-01	129.747
0.97124169	1.35664e-01	112.987
1.34617543	3.75945e-02	164.848
1.29628325	9.74941e-02	116.574
1.40034040	7.99525e-02	163.127
1.28925322	1.02158e-01	153.225
0.56547098	8.17604e-02	164.009
0.32272371	5.11302e-02	163.495
1.11309766	1.36113e-01	108.772
1.42703896	1.00826e-01	109.853
1.83765861	6.56632e-03	118.731
1.55740416	1.16946e-01	137.522
1.64780445	7.12041e-02	138.179
1.92439655	3.17311e-02	156.832
1.79595064	2.38819e-02	145.414
0.48517870	6.77419e-02	125.683
0.92983456	7.53164e-02	158.071
0.64676037	3.81410e-02	152.263
1.12338424	2.45563e-02	132.304
0.91685857	5.34623e-02	130.701
1.09660095	6.70386e-02	147.030
0.22810699	2.13746e-02	117.000
1.61253959	5.87215e-02	140.651
0.89969241	1.45424e-01	168.753
0.72615806	1.25793e-01	103.574
1.25595487	1.35082e-01	147.158
0.63968261	9.59996e-03	154.545
1.66943521	1.41283e-01	131.331
0.36279516	3.06109e-02	161.885
0.86557398	1.30251e-01	119.426
0.18234548	1.86474e-02	129.452
1.91812415	9.80104e-02	125.517
1.75308221	1.14699e-01	124.605
0.54727907	9.13319e-02	100.410
0.30893305	2.24515e-02	146.140
1.43019212	1.25996e-01	141.349
0.07518648	1.13499e-01	161.867
1.82430736	3.80025e-02	116.271
0.52693825	9.70337e-02	122.225
1.21205244	1.14303e-01	135.695
1.18425554	4.26562e-02	117.857
1.57577577	9.73074e-02	136.278
0.75005064	6.67809e-02	112.561
1.03541397	5.44324e-02	166.554
0.25631629	1.55764e-01	167.607
0.79280707	4.36402e-02	126.373
0.98690170	1.13720e-01	122.787
1.71921456	3.70222e-02	145.273
0.70726693	1.24718e-01	147.532
1.66333818	8.41511e-02	131.701
0.39025642	1.50778e-01	133.206
1.24202509	1.27979e-01	109.179
1.02241957	1.01154e-01	146.673
0.26943781	1.08664e-01	142.640
0.91109644	3.29656e-02	117.637
0.33176502	1.04236e-01	156.367
0.78994679	1.12378e-01	126.574
1.37099315	1.58976e-01	133.381
1.58544216	8.70847e-02	153.096
1.06672476	1.76033e-02	117.303
1.93971957	7.84735e-02	148.519
1.60404790	5.85501e-02	110.669
0.83093511	2.52361e-02	163.217
1.86966896	9.82473e-02	113.228
1.29836768	3.18658e-02	108.157
1.04481586	1.46229e-01	101.179
1.02587069	9.58907e-02	107.349
0.90416702	4.38460e-02	102.131
1.59668503	5.02958e-02	155.445
1.29517061	9.56514e-02	147.663
0.10561240	7.17624e-02	149.218
1.22823615	7.91861e-04	152.791
1.22759684	4.91246e-02	137.799
0.32897746	9.20709e-03	142.549
0.01899904	5.63849e-02	103.794
1.42078419	1.53707e-01	125.417
1.69348280	1.53792e-01	114.203
1.73453294	5.49968e-02	158.673
1.87320454	1.49536e-01	105.638
1.10304691	1.28169e-01	168.402
1.95605966	1.61256e-03	139.455
0.41763872	7.28105e-02	165.882
0.54884144	2.06572e-02	147.529
0.97887698	1.25647e-01	158.989
0.79726078	7.77703e-02	123.707
1.32102350	8.90734e-02	137.293
0.84125934	1.13940e-01	102.624
1.05020733	1.56381e-01	145.738
0.49244837	6.33254e-02	132.714
0.24447695	2.57334e-02	139.565
0.08744259	4.28852e-03	111.012
1.62342307	1.54500e-01	143.483
1.27017759	7.63472e-02	126.006
1.88065650	8.80238e-02	136.484
1.88540181	1.53560e-01	114.492
1.23165855	1.13345e-01	149.655
1.90042573	2.58729e-02	114.596
1.89028697	2.53391e-03	112.690
0.53966141	7.39460e-03	122.289
0.56138992	1.55105e-01	117.824
0.37734811	5.62772e-02	110.591
1.85857938	1.54684e-01	166.659
0.77050367	1.57361e-01	113.914
0.58262638	1.47646e-01	106.237
1.23707349	4.79781e-02	156.034
1.73844973	4.32002e-02	165.528
1.69058683	1.44214e-01	168.138
1.98975751	1.42581e-01	156.895
0.05323373	1.56092e-01	162.513
1.31784506	1.53343e-01	167.400
1.49853921	7.59200e-02	109.947
1.76798715	1.28567e-01	114.037
1.94135470	1.98915e-02	135.178
1.89325191	4.84451e-02	141.268
0.63072398	2.81292e-02	101.638
0.28799007	1.58433e-01	118.431
0.73303030	6.66387e-02	102.091
0.80727411	2.36389e-02	135.994
0.38896377	9.32291e-02	160.375
0.29471987	1.46688e-01	103.950
1.41956967	9.36435e-02	153.733
1.86649665	1.58271e-01	146.410
1.98422149	6.86145e-02	113.565
0.25454710	9.34618e-02	120.655
1.98261046	8.98535e-02	108.729
0.03351814	1.19224e-01	102.494
1.96027745	1.15701e-01	168.253
0.53363284	6.91819e-02	102.868
0.08373175	2.01755e-02	106.116
0.10894151	1.30742e-02	134.400
1.73242668	1.41735e-01	101.896
1.35371085	8.02692e-02	149.559
0.21998269	4.09164e-03	100.822
1.55892455	1.29223e-01	112.040
0.84213750	9.66913e-03	100.241
0.04129691	1.48300e-01	108.646
0.65408268	5.62316e-03	101.278
1.68982228	1.18661e-01	106.014
1.10070401	5.40748e-02	121.590
1.47434160	1.43108e-01	114.117
1.21637928	2.83621e-02	167.241
1.90322766	5.10622e-03	156.196
1.36715967	4.61676e-02	133.777
1.59159822	9.63159e-02	111.568
1.44853365	1.54045e-01	102.223
0.69095867	1.12200e-03	126.900
1.16553555	4.43703e-02	167.083
0.11546070	4.01732e-02	103.480
1.14628937	6.09132e-02	107.017
1.96251761	1.23325e-01	150.939
0.42083075	3.60700e-02	141.192
0.00158751	1.57070e-01	138.059
1.87934784	6.05166e-04	148.995
1.97168825	1.05928e-01	118.103
0.50236471	3.15443e-02	116.375
0.58777809	1.26727e-01	109.273
1.52685680	2.16591e-03	121.391
1.91784690	1.55537e-01	160.083
1.08464281	1.47457e-01	128.274
0.63670258	3.63994e-04	136.448
0.64173125	1.18289e-01	132.844
1.28466439	1.07969e-01	169.217
0.75851559	9.34154e-02	135.806
0.82641508	2.87649e-02	105.450
1.30059162	1.48169e-03	103.748
1.98729259	1.46946e-01	119.014
1.85180377	1.48760e-01	124.112
0.37138204	1.08042e-01	169.062
1.67263422	6.90570e-02	105.477
1.05581749	1.43314e-01	157.475
0.49726889	3.60353e-03	165.127
0.18959806	6.17534e-02	106.326
1.99244133	1.52767e-01	151.104
1.93427227	1.36977e-01	109.623
1.94691809	1.05440e-01	107.751
1.79241911	1.49057e-01	155.355
0.23490108	2.96963e-02	106.687
1.91199377	1.10015e-01	128.969
0.30599862	1.59822e-01	158.401
1.47799587	8.24600e-02	124.704
1.03058387	1.28150e-01	104.907
1.78949957	2.15302e-02	158.558
1.74385945	1.42085e-01	110.071
1.97971713	1.35232e-01	124.024
1.90972884	8.77077e-02	154.656
1.46690860	1.05734e-01	115.711
1.75478136	1.42549e-01	147.376
1.48910635	1.54297e-01	162.472
1.96407986	1.20093e-01	104.781
0.72955497	1.44565e-01	133.052
0.72288868	4.33647e-02	169.450
1.94886718	1.03482e-01	160.055
1.56396307	3.39007e-03	162.813
1.88686237	1.10404e-01	147.836
0.51083828	1.42723e-01	129.280
1.60982804	1.70059e-04	105.907
1.52105814	1.44048e-01	121.642
1.99716227	1.59130e-01	139.076
1.06453410	9.43237e-02	164.514
1.80740908	6.02485e-02	152.521
1.52855390	1.39062e-01	164.679
0.35718564	4.45454e-02	130.370
1.87450630	6.56339e-02	131.586
1.70666629	1.07229e-01	137.007
1.39416532	1.71216e-02	124.964
0.88952501	3.48908e-02	168.856
1.59868212	1.53954e-02	167.422
1.68459936	1.96011e-02	136.231
1.95182988	1.38527e-01	148.171
0.01628109	8.30275e-02	155.067
0.02397331	1.70005e-02	125.740
1.34246296	1.24510e-01	168.581
0.29021712	8.28017e-02	114.254
0.03059063	1.02575e-01	138.417
0.59684379	1.59873e-01	111.342
1.50664325	1.57715e-01	112.084
1.60744051	9.77365e-02	119.382
0.47551178	5.71215e-02	120.525
1.81542454	1.20369e-01	100.165
1.14189126	1.16218e-01	163.421
1.57878494	1.43673e-01	106.029
0.48663427	1.66499e-02	140.922
0.02670725	8.50000e-02	127.894
1.91351112	1.26200e-01	118.807
0.94870107	3.77173e-02	111.111
1.79908129	1.35823e-01	159.169
1.33779418	5.91594e-02	147.187
1.63716331	2.42058e-02	142.867
1.89979348	8.38788e-02	129.540
0.92748743	1.45763e-02	148.459
1.17501522	8.51255e-02	100.113
0.75225181	8.07558e-02	116.073
1.07460782	1.09950e-02	104.605
1.72269569	1.06376e-01	100.935
0.76182973	1.54207e-01	106.791
0.72091327	4.21681e-02	105.291
0.02198203	1.42334e-01	142.078
1.44038596	2.37253e-02	141.579
1.83221114	3.43202e-02	139.544
1.84354283	1.32424e-01	165.852
1.77239994	8.43448e-02	103.891
1.93191500	8.60518e-02	121.441
1.63898871	1.17846e-01	157.286
1.28107722	3.36740e-02	100.006
1.71500107	1.08806e-01	111.510
0.08149108	1.02462e-01	104.448
1.16106437	1.00654e-01	103.644
1.03997387	8.21761e-02	105.093
1.72845486	1.43438e-01	119.096
1.93610385	2.23020e-02	167.869
0.04949652	1.47755e-01	149.403
1.92871631	3.93315e-02	150.119
1.38028333	1.34992e-01	100.889
0.86857660	7.19160e-02	107.495
1.37915149	1.06620e-01	122.112
1.97284041	4.93902e-02	103.174
1.74779562	8.58249e-02	112.448
1.65684007	1.58036e-01	130.802
1.16772822	5.82041e-03	135.908
1.24187334	1.45039e-01	103.259
0.06312569	2.69834e-02	114.406
1.21806520	8.58236e-03	118.360
1.78058930	1.14467e-01	117.705
0.26367725	3.41716e-02	134.561
1.68178366	1.37165e-01	125.333
1.80067292	1.00280e-01	120.846
1.99501165	2.43743e-02	141.815
1.95347744	7.14559e-02	106.635
1.54621130	1.34847e-01	153.630
1.73794741	2.33029e-03	136.595
0.05101182	9.15131e-02	121.498
1.83915804	2.79375e-03	164.172
1.38910877	1.46378e-01	107.929
1.19838360	1.09422e-01	119.235
0.57684525	3.84018e-02	134.650
0.79849280	9.55096e-02	147.906
1.06935020	1.13799e-02	122.881
1.31933748	1.55959e-01	114.288
0.77382475	1.42042e-01	117.125
0.89556520	5.56344e-02	145.939
0.96600577	1.40691e-01	133.271
1.19625586	8.20402e-02	165.744
0.77958840	1.56507e-01	137.333
0.27541754	1.59624e-01	111.314
1.74499438	7.23351e-02	116.185
0.34969642	4.87150e-02	104.315
1.00723038	1.58171e-01	107.798
1.65177154	1.20566e-01	144.483
1.94268028	1.34433e-01	131.253
1.27218718	1.40513e-01	113.060
0.09057581	3.99443e-02	110.397
0.83855567	1.37602e-01	106.449
1.96794503	1.06226e-01	135.215
1.90787018	1.20167e-01	160.415
1.41170988	3.23212e-02	159.915
1.49120681	1.34037e-01	126.988
0.12814506	1.51525e-02	142.705
0.35306378	1.02655e-03	135.927
1.51129842	1.22633e-01	102.700
1.26496445	1.39463e-01	120.075
1.51229278	1.90110e-02	101.595
1.70458346	9.06617e-03	122.892
0.68147254	1.59234e-01	143.379
1.43398372	1.22747e-01	118.050
1.40847011	1.16090e-01	110.272
1.97770792	3.32748e-02	100.629
0.59499133	1.56756e-01	127.472
1.53392185	1.38817e-03	136.098
0.97577313	9.44020e-02	123.216
0.15473364	2.69249e-03	128.037
1.19356893	4.66464e-03	109.542
1.27561270	1.52476e-01	146.751
1.98017102	7.74450e-02	166.384
1.57376338	1.15593e-01	121.958
1.99852854	6.38530e-02	161.569
0.07395627	1.26301e-01	151.737
0.39475067	3.89572e-03	104.203
0.84490175	1.29959e-01	151.314
1.61968854	1.21944e-01	128.158
1.52467742	1.06960e-01	101.488
1.39900602	6.62023e-02	125.158
0.07661403	7.57358e-02	117.361
0.86754673	1.48504e-01	101.439
0.30688106	1.58691e-02	133.944
1.75631455	7.38300e-02	127.178
1.69633976	8.93247e-02	124.542
0.73008223	2.92312e-03	116.886
1.53901450	1.55311e-01	153.990
1.23349733	1.21109e-01	123.805
0.07038353	1.05883e-01	124.483
1.69470285	1.48257e-02	113.466
1.61463581	9.10397e-02	169.232
1.01719567	1.48407e-01	113.355
1.54341521	1.45153e-02	108.221
1.75817737	1.09155e-01	153.173
1.58037598	8.72456e-02	105.389
0.87130520	8.91737e-02	110.512
0.54003697	1.51676e-01	139.628
0.55769479	1.38284e-01	113.990
1.04683653	1.47182e-01	164.266
1.19180267	1.21784e-01	101.772
0.72420286	1.27211e-01	114.896
1.33874764	1.11506e-01	102.964
1.06102751	6.75698e-02	101.046
1.21129430	7.66989e-02	108.439
1.96802138	3.47765e-02	163.619
1.86382962	1.28326e-01	143.686
1.33234366	1.59489e-01	152.665
1.75034034	9.84069e-02	129.936
1.22182510	1.12034e-01	108.562
1.88843808	7.17561e-03	105.826
1.84194571	4.55408e-02	130.168
1.39017120	1.04477e-01	134.865
1.86460797	1.19818e-01	134.024
1.64434307	3.83447e-02	158.498
0.58934553	1.32807e-01	135.099
1.83497156	4.41876e-03	130.532
1.55274807	9.93619e-02	128.900
0.85621981	3.56008e-02	131.074
0.11096596	1.72207e-06	121.288
1.97566191	5.06824e-02	154.775
1.35078608	1.23510e-01	150.307
1.70313254	4.24770e-02	109.761
0.97625529	1.12874e-01	106.867
0.69949137	1.39978e-01	101.207
1.45718209	8.67324e-02	131.478
1.88348596	1.24180e-02	144.309
0.89100178	1.22880e-01	111.429
1.24960576	1.00622e-01	141.491
1.50274547	4.56933e-02	163.691
1.44721908	1.20907e-01	131.764
1.32360782	1.43718e-01	129.134
0.83302874	9.83840e-03	107.660
1.56070342	1.55508e-01	136.863
1.77965057	1.74874e-02	102.240
1.54197909	7.24978e-02	130.443
1.11024213	1.54955e-01	152.426
1.85750790	3.77788e-02	105.781
1.99192112	1.03249e-02	123.404
1.25953729	1.94828e-02	103.118
0.25145854	1.07962e-02	108.044
1.72752927	5.82491e-02	125.791
1.33555840	6.41730e-02	109.095
1.67165869	1.33328e-02	129.751
1.07721940	2.71386e-02	106.966
1.15188613	1.15404e-01	155.962
1.09059991	2.82254e-02	121.079
1.95435706	7.01510e-02	121.896
0.27014220	7.30774e-03	118.493
1.18367819	2.11013e-02	112.251
1.90413332	4.90685e-02	161.281
1.34996237	1.14109e-01	140.310
1.58662652	4.08903e-02	137.427
1.40252588	8.26088e-02	102.930
1.22430447	1.47880e-01	161.142
0.57579521	1.16148e-02	107.216
1.77436906	5.58500e-02	103.505
1.48322740	1.45471e-01	148.823
1.82186618	7.20535e-02	169.755
1.21508107	5.70295e-02	113.687
1.63225361	1.02771e-01	143.152
1.92246717	5.68016e-02	109.322
1.29344845	9.17105e-02	107.179
1.82786123	9.66225e-02	141.708
1.48633414	8.37790e-02	115.980
0.00549082	2.90068e-02	134.307
0.23165552	4.96705e-02	138.713
1.74165462	2.68414e-02	166.206
0.81920705	1.46749e-01	126.258
1.95869532	2.60188e-02	122.682
1.92680021	1.48905e-01	134.286
1.17000941	1.10181e-01	128.458
1.11572503	1.50313e-01	135.360
0.80341908	1.15937e-01	120.352
1.17840084	1.30402e-01	131.567
0.42647257	1.25584e-01	128.319
0.46919263	8.88291e-03	115.884
1.93326658	1.41487e-01	140.477
1.85555910	2.85551e-02	128.569
1.73137959	3.45191e-02	133.423
1.45487669	6.86593e-03	113.735
1.67964304	8.62616e-02	140.202
1.86008376	5.77764e-02	166.890
1.53046693	5.20263e-02	101.988
1.69961799	8.75149e-02	158.876
0.56789288	1.32097e-02	132.003
0.10238121	8.13902e-02	167.131
0.05597599	2.32624e-02	165.662
1.72131841	6.54304e-03	158.779
0.89712776	1.58877e-01	122.582
0.50677127	6.64383e-02	159.296
0.15620874	9.07148e-02	100.469
0.51338449	4.05631e-02	102.587
1.26349161	9.68884e-02	126.192
0.42965536	1.57148e-01	123.579
1.34443952	1.49468e-02	109.122
0.34253596	1.49763e-01	140.385
1.47371034	1.12549e-01	167.926
0.39701898	2.62698e-02	101.118
1.78285200	2.11664e-02	119.251
1.66501118	2.95424e-02	123.612
1.71626486	2.49510e-02	108.066
0.60858386	1.83386e-02	118.644
1.05865705	5.15536e-02	100.676
1.68633108	1.22532e-01	166.603
0.40865756	2.06162e-02	107.597
1.80553110	4.15642e-02	122.366
1.62918418	3.07236e-02	116.740
0.35525670	5.30856e-03	125.250
1.12853293	1.28776e-01	117.950
0.98998844	5.32534e-02	110.437
0.17244611	1.52917e-01	134.962
0.99238816	1.45825e-01	120.160
1.57614996	5.86395e-02	133.620
1.85396400	9.48772e-02	164.899
0.31772349	2.67168e-02	128.650
0.43975991	1.51177e-01	112.840
1.31571732	7.55937e-02	115.580
0.47887806	1.25082e-01	169.842
1.54417643	3.28032e-02	130.943
1.76510018	1.33217e-01	135.505
1.80257283	1.10340e-01	164.591
1.68355905	4.18714e-02	102.769
1.81180713	6.54639e-02	138.618
1.20622355	8.47614e-02	143.802
1.20177839	4.65944e-02	105.165
0.64450469	1.39249e-01	123.108
1.91416424	5.45798e-02	121.069
1.17272778	9.60740e-02	112.510
0.46123261	4.00731e-02	110.137
0.80840774	5.12768e-02	153.552
0.05657523	6.09475e-03	147.956
1.79190681	1.43322e-02	150.435
1.81341820	5.74810e-02	115.164
1.50505144	9.23387e-02	146.015
1.08289511	1.18972e-01	112.652
1.67512979	5.58161e-02	169.331
0.44990542	1.45189e-01	168.109
0.04614890	1.50424e-01	118.899
0.95793875	4.94828e-02	117.218
1.18166544	1.20664e-01	142.796
0.88683412	1.26999e-01	169.935
1.57048225	3.04331e-02	169.541
0.22444759	1.56235e-01	145.344
0.94429144	1.07534e-01	113.634
1.01244283	2.26620e-02	167.998
0.91519387	5.18249e-02	124.007
1.30522194	1.44402e-01	154.898
0.83599621	8.60918e-02	141.379
1.00107214	2.73091e-02	160.880
1.55186216	3.27114e-02	106.169
0.75562594	1.11941e-01	108.988
0.55116181	1.29356e-01	100.342
1.45944158	2.40759e-02	118.927
1.60149661	4.68051e-02	123.747
0.00888592	1.00638e-02	158.331
0.01181276	8.56033e-02	104.692
0.52954210	9.66907e-02	153.337
1.43437488	2.73763e-02	112.118
1.64008444	6.99556e-02	158.024
0.04479701	7.29813e-02	108.885
0.32735461	7.33748e-02	104.404
0.08858250	1.46452e-01	168.978
0.01523292	1.34583e-01	127.084
0.36489367	8.78966e-02	101.869
1.14892340	1.31679e-01	161.400
1.55568909	9.35688e-03	144.415
0.60734572	1.24095e-01	124.841
0.19817965	3.21392e-02	151.452
1.37253523	6.09628e-02	137.141
0.64916338	5.04130e-02	114.776
1.74985080	1.47243e-01	139.307
0.19107714	1.41076e-01	112.247
0.37857692	1.36560e-01	110.883
1.94433369	6.07784e-02	147.435
1.40597287	2.53640e-02	166.344
0.33206530	2.93946e-02	112.785
1.58356563	6.26843e-02	163.905
1.20988537	4.17236e-02	111.829
1.61787172	1.01056e-01	156.422
1.45083497	4.28520e-02	110.355
0.38684060	1.32580e-01	104.079
1.50998561	1.30223e-01	147.108
1.05686893	1.24224e-01	150.845
0.23289387	1.11336e-01	101.378
0.41548561	3.96066e-02	122.014
0.81205527	9.35655e-04	146.316
0.17810237	1.29878e-01	157.912
1.24477794	8.85196e-02	120.292
0.22695388	1.35425e-01	146.250
1.31160346	2.99979e-02	146.875
1.56492521	1.33357e-01	135.724
0.16046700	6.46606e-02	113.298
1.50065087	1.23695e-01	163.035
1.76980700	8.89405e-02	149.768
0.99840028	9.29213e-02	115.668
0.66025006	1.05437e-01	118.599
1.59314429	1.56670e-02	155.155
0.95287087	5.56337e-03	112.915
1.27998502	6.30478e-02	119.743
1.62592474	1.03588e-01	163.380
1.63509320	5.98187e-02	118.229
1.38753944	4.29170e-02	143.078
1.92196318	7.65512e-02	141.876
0.74197777	2.62014e-02	154.970
0.71837114	3.02145e-02	115.908
0.93369985	9.11661e-02	100.763
0.81777180	5.65008e-02	106.512
1.18606583	3.72546e-02	161.106
1.78578710	6.98299e-02	146.102
0.46419841	1.40915e-01	144.684
1.48407424	7.43715e-02	141.770
1.01106755	1.31839e-01	123.500
0.93693348	1.45988e-01	140.789
1.04850986	1.37328e-01	145.157
0.65684766	5.29856e-02	133.729
1.60255869	1.38648e-01	142.207
1.44230436	7.80316e-02	156.335
0.92232691	1.24951e-01	129.003
1.27664366	1.58663e-01	139.264
0.51411772	2.50128e-02	127.675
0.36983232	1.91818e-02	121.704
1.66023897	2.64679e-02	150.361
0.20298593	1.26506e-01	104.881
1.81659365	7.03679e-02	162.685
0.96997052	1.04124e-01	160.144
1.47174120	7.90306e-03	150.695
1.31338754	8.05850e-03	131.201
0.29678689	5.73010e-02	117.261
1.46065258	5.54674e-02	115.398
1.02020923	3.10816e-02	127.518
1.67698603	5.07544e-02	146.923
1.41668368	1.08325e-01	149.975
1.35471487	1.33691e-01	134.495
0.74498229	2.29054e-02	148.110
1.72490287	4.09905e-02	152.165
0.68898885	1.22278e-01	154.129
0.78559749	1.29683e-01	134.700
1.06382637	1.26980e-02	155.571
0.46728081	1.19948e-01	114.732
0.82275282	1.37815e-01	160.630
0.76213656	1.36492e-02	142.441
0.18084814	2.07123e-03	159.084
1.20294981	1.30572e-01	154.683
0.07969141	3.57359e-02	140.145
0.82133119	1.65443e-02	115.037
0.73844883	9.50932e-02	100.537
0.90109210	1.13806e-01	145.650
0.20049653	8.38455e-03	152.753
1.10986711	1.25062e-02	163.703
0.17676402	1.38920e-01	120.599
0.67574972	8.09962e-02	103.037
0.95178571	6.96911e-02	116.846
0.67099241	9.77766e-02	107.365
1.30650239	1.38254e-02	162.899
0.53527699	5.29517e-02	127.150
1.43789335	1.43862e-01	138.996
0.59162898	4.59285e-03	143.657
0.37373044	1.35952e-01	119.886
1.44485398	5.27063e-02	169.626
0.70153542	1.41209e-01	144.646
1.23444207	6.79503e-02	152.314
1.23898176	1.42895e-01	139.888
0.16502539	1.37467e-01	136.940
1.38368256	1.13351e-02	137.677
1.26969627	3.03514e-02	124.736
1.39215349	7.71333e-03	157.140
0.61464831	1.14814e-01	104.058
0.96518050	1.44881e-01	150.617
0.22179894	9.08251e-02	107.477
0.76885380	8.64981e-03	132.433
1.46954558	5.25210e-02	128.388
0.20555870	3.90000e-02	116.135
0.60212210	8.35319e-02	109.470
1.35701180	4.19624e-02	116.484
1.14333762	6.83974e-02	137.992
0.79047928	9.39413e-02	120.493
1.65865784	7.89510e-02	164.739
0.62522865	5.36464e-02	101.725
0.40459123	9.98471e-02	117.466
0.58528159	1.29524e-01	142.001
0.69631785	8.99649e-02	126.396
0.62602611	5.93097e-02	108.326
1.53597685	4.03831e-02	150.047
1.34116749	4.42170e-02	149.842
0.94703984	6.59324e-02	138.910
1.32708213	1.25262e-01	159.655
0.02508159	1.40002e-01	162.941
0.24274596	3.14639e-02	122.146
0.88556638	5.24871e-03	122.610
0.70885059	2.79039e-02	126.506
0.75715078	4.62625e-02	120.428
0.80435312	6.04001e-02	163.951
0.55287502	1.12723e-01	138.670
1.63152465	8.00642e-02	146.475
0.03743180	4.88142e-02	117.714
0.06826765	1.18467e-01	167.707
0.45910230	1.13150e-01	108.373
1.36437245	5.01560e-02	122.489
1.10621554	1.31364e-01	138.317
0.00618710	3.64570e-02	151.012
0.06162203	3.25546e-02	125.030
1.07118415	8.09226e-02	119.599
0.61242509	1.51720e-01	150.576
1.25040535	4.46823e-02	127.724
0.63342426	1.88790e-02	167.636
0.49120238	9.87066e-02	144.877
0.85093450	1.54859e-01	154.428
1.11727183	5.51046e-02	130.182
0.29947645	1.90428e-03	165.481
1.49752489	1.78297e-02	132.672
1.12000982	1.21824e-02	129.651
0.82571079	2.03243e-02	121.824
0.10748391	7.27252e-02	132.986
0.90718655	8.42294e-02	168.322
0.12368318	9.88736e-02	113.803
0.87851115	2.01404e-02	128.521
0.23908619	1.52532e-01	124.277
0.27734686	2.09029e-02	156.226
0.85251407	1.06826e-02	164.973
0.19311231	6.21209e-02	169.395
0.81034513	1.05113e-02	158.134
0.98041892	1.08492e-01	152.480
0.63534290	1.41679e-02	161.014
0.29351983	5.22206e-02	123.917
0.37552484	1.51493e-01	149.462
0.04287837	6.24028e-02	142.403
0.35013499	1.01892e-01	105.218
0.25333605	6.40560e-02	161.370
0.13871488	1.56854e-01	154.224
0.17459033	1.45738e-01	159.015
1.40628146	1.12190e-01	156.751
0.64243623	1.03101e-01	129.966
1.49311012	6.92843e-02	148.388
1.48041777	6.15009e-02	154.500
0.23785893	1.69096e-02	166.490
0.01372219	4.57883e-02	130.591
0.11727832	1.03722e-01	169.903
0.11312347	1.23535e-01	110.972
0.77406641	1.19081e-01	165.272
0.69437933	1.04720e-01	142.230
0.20780995	1.38795e-01	127.586
0.44132622	1.74162e-02	162.001
0.79565231	6.20347e-02	120.145
0.65823969	6.45912e-02	125.088
1.28778754	6.34563e-02	130.882
0.09811946	4.82482e-02	124.409
0.52429651	3.83762e-03	150.241
1.32457488	2.21413e-02	155.411
1.45213046	9.64665e-02	165.050
1.49536116	7.83287e-02	168.699
0.88297858	4.53451e-02	161.496
1.13638183	2.75287e-02	155.766
0.45011390	7.02453e-03	156.665
0.50084183	1.57907e-01	157.443
0.85524134	1.53258e-01	162.050
0.96050357	1.19070e-02	133.853
0.15154088	6.28290e-02	126.656
0.99073275	1.04893e-01	140.734
0.40375960	1.63119e-02	151.215
0.32428550	1.34294e-01	132.911
1.39661809	6.58308e-02	165.989
0.09208770	1.19523e-01	120.999
0.03826679	1.27199e-01	144.201
1.18907346	7.70447e-02	132.266
1.33151018	9.89050e-02	159.602
0.50803323	6.95633e-02	111.704
1.30928601	2.31323e-02	133.590
0.57828766	1.36688e-01	152.623
1.29184035	1.39581e-02	148.885
1.13552345	9.71518e-02	152.956
0.33695936	1.36947e-01	152.077
0.78269033	1.27457e-01	141.582
1.05245941	7.10129e-02	165.322
0.38378289	4.65289e-02	169.655
0.03457993	5.33279e-02	167.542
0.67694513	2.78125e-02	141.031
0.95828382	1.21217e-01	139.801
0.94234666	9.29615e-02	153.442
0.66731179	7.61081e-02	168.610
0.97300888	1.20527e-02	140.876
1.03650177	7.47655e-02	125.915
0.76772580	1.57460e-01	168.517
1.13081395	1.01591e-02	145.022
1.04339981	1.17133e-01	133.504
0.24758136	9.22128e-02	168.249
0.02846997	1.11039e-01	155.189
0.27210080	1.24338e-01	123.247
1.08876289	1.01469e-01	134.813
1.26640666	8.54959e-02	156.594
0.27846610	3.12278e-02	169.120
0.34555534	1.31281e-01	165.437
1.36318168	5.81635e-02	159.958
0.50540010	1.10606e-01	126.113
0.20970275	1.13009e-01	114.936
0.08450255	9.18406e-02	160.278
0.28075579	1.09114e-01	121.278
0.31818462	9.02749e-02	154.346
0.56862361	3.55117e-02	145.856
0.84927056	6.51722e-02	127.287
0.36750124	7.81209e-02	158.625
0.06556070	8.69603e-02	148.242
1.07266940	2.55444e-02	149.005
0.21093184	1.14890e-01	152.902
0.78619781	6.48052e-02	157.240
0.86205988	1.11584e-01	135.339
0.93104695	2.92716e-02	143.986
0.43265352	9.46074e-02	110.777
0.32134992	1.23938e-01	138.225
1.15202511	3.94586e-02	151.087
0.44454799	3.09889e-02	153.492
0.13269227	3.97266e-02	166.097
0.35929968	1.44649e-01	161.754
1.17787789	6.05289e-02	162.340
0.59956121	7.46039e-02	119.602
0.13488611	1.16701e-01	137.622
0.66274610	1.07403e-01	156.557
0.16806388	3.62598e-02	159.400
1.02801570	7.87970e-02	141.950
0.48964902	8.33207e-02	115.230
0.31377312	1.11062e-01	128.118
0.92005889	9.95571e-02	131.082
0.99502366	3.35156e-02	136.636
1.03236608	8.64870e-02	130.753
0.52065742	3.22883e-02	166.992
0.41238044	1.18821e-01	145.797
0.68691739	1.52303e-01	158.299
0.55489596	6.29851e-02	167.785
1.15754344	2.20267e-02	140.459
1.09879412	7.87060e-02	154.309
0.87512715	8.84252e-02	161.703
0.99657790	5.76996e-02	159.494
0.09447140	1.11706e-01	144.110
0.49967632	1.15091e-01	151.936
0.39366240	7.31675e-02	119.463
0.34020518	4.30803e-02	157.545
0.54405679	4.77137e-02	165.645
0.21665615	8.81968e-02	130.492
0.42431228	8.53358e-02	126.076
0.77773918	1.04591e-01	162.136
0.51929270	7.98147e-02	131.796
0.00289111	4.52412e-02	145.103
0.62238118	4.13635e-02	159.824
0.38508774	4.48966e-02	150.807
0.25849074	7.95500e-02	144.549
0.15378713	1.01946e-01	149.319
0.98594379	8.17240e-02	148.705
0.13110935	1.17003e-01	130.278
0.91949966	7.39702e-02	132.562
0.12503654	7.61969e-02	160.605
0.90885133	6.89218e-02	151.944
0.06623500	7.74199e-02	140.025
1.00571958	4.80479e-02	153.864
0.17101310	9.41940e-02	143.200
0.90265954	3.85844e-02	149.562
0.59320707	5.41974e-02	155.701
0.40778020	5.89954e-02	154.090
0.44605066	1.33776e-01	157.683
0.26761419	1.16631e-01	162.780
1.19506524	3.46055e-02	136.379
0.78012350	6.87952e-02	146.611
1.15452168	5.38941e-02	144.325
0.74940475	4.23153e-02	145.449
0.05992617	6.13476e-02	160.239
1.10532219	3.91332e-02	142.304
1.02752691	5.00151e-02	137.821
0.21569534	4.60659e-02	145.540
0.74223129	6.83015e-02	134.765
0.61055654	1.52154e-01	164.812
0.44208824	8.96700e-02	168.907
0.41881424	1.17927e-01	158.207
0.60467632	1.36457e-01	166.024
0.58138450	1.21299e-01	163.796
0.47795784	1.07811e-01	163.152
0.60090335	9.80972e-02	166.726
0.30118871	1.09903e-01	135.038
0.53633926	9.56818e-02	135.432
0.31166679	7.22174e-02	125.857
0.12031178	1.01671e-01	132.157
0.82865604	5.18728e-02	137.194
0.67828672	7.54843e-02	140.547
0.73690185	7.69470e-02	161.612
0.65330868	8.95422e-02	143.892
0.14712583	5.14936e-02	155.600
0.28897813	6.44584e-02	131.911
0.24886428	9.49306e-02	136.804
0.62080845	5.94200e-02	148.778
0.66590704	9.16528e-02	160.753
0.09717391	5.61115e-02	149.117
0.40106492	8.46186e-02	137.072
0.71565178	5.67432e-02	142.570
0.24042185	7.06430e-02	138.091
0.57311488	8.05574e-02	156.950
0.69250239	8.15900e-02	149.777
0.26188156	7.35892e-02	153.023
0.28497267	6.12542e-02	148.600
0.49473944	8.22470e-02	150.509
0.48227438	8.12742e-02	143.269
0.38041499	6.73685e-02	143.036
0.53032477	5.96432e-02	140.055
